{
  "asset": {
    "version": "2.0",
    "generator": "GLTFExporter"
  },
  "scenes": [
    {
      "name": "AuxScene",
      "nodes": [
        21
      ]
    }
  ],
  "scene": 0,
  "nodes": [
    {
      "rotation": [
        -0.7071068387877039,
        0,
        0,
        0.7071067235853865
      ],
      "scale": [
        100,
        99.99999999999999,
        99.99999999999999
      ],
      "name": "Untitled",
      "extras": {
        "transformData": {
          "inheritType": 1,
          "eulerOrder": "ZYX",
          "rotation": [
            -90.00000933466734,
            0,
            0
          ],
          "scale": [
            100,
            100,
            100
          ],
          "parentMatrixWorld": {
            "elements": [
              1,
              0,
              0,
              0,
              0,
              1,
              0,
              0,
              0,
              0,
              1,
              0,
              0,
              -234.99998851617568,
              5.00007524123766,
              1
            ]
          }
        }
      },
      "mesh": 0,
      "skin": 0
    },
    {
      "translation": [
        0,
        1.0535606145858765,
        0
      ],
      "name": "Root004R001_end",
      "extras": {
        "transformData": {
          "inheritType": 1,
          "eulerOrder": "ZYX",
          "translation": [
            0,
            1.0535606145858765,
            0
          ],
          "parentMatrixWorld": {
            "elements": [
              0.9999688276231127,
              -0.005953482724327091,
              0.005186504015766383,
              0,
              -0.0059537861966000635,
              -0.13708888633181782,
              0.99054082762557,
              0,
              -0.005186155645523616,
              -0.9905408294495867,
              -0.13712005870865182,
              0,
              6.418540010599827e-8,
              0.8565231561660767,
              3.2098554925141798e-9,
              1
            ]
          }
        }
      }
    },
    {
      "rotation": [
        0.7540188612799388,
        -0.003947934704416642,
        1.1550448558228095e-7,
        0.6568408825053436
      ],
      "translation": [
        6.418540010599827e-8,
        0.8565231561660767,
        3.2098554925141798e-9
      ],
      "scale": [
        1,
        1,
        0.9999999999999999
      ],
      "name": "Root004R001",
      "extras": {
        "transformData": {
          "inheritType": 1,
          "eulerOrder": "ZYX",
          "translation": [
            6.418540010599827e-8,
            0.8565231561660767,
            3.2098554925141798e-9
          ],
          "rotation": [
            0.0000024040714655262308,
            0.000012999141327082487,
            4.625781900771101
          ],
          "parentMatrixWorld": {
            "elements": [
              0.8661536947966626,
              0.07754661148305843,
              0.49372492545462715,
              0,
              -0.49740202414851625,
              0.22996353894247862,
              0.8364854387842534,
              0,
              -0.04867212597795297,
              -0.9701047875759279,
              0.23775562356605515,
              0,
              0.31317365169525146,
              0.8995454907417297,
              1.6695807403266372e-8,
              1
            ]
          }
        }
      },
      "children": [
        1
      ]
    },
    {
      "rotation": [
        0.5912771174714173,
        -0.17752058633201995,
        0.1881743713421264,
        0.7638509181382
      ],
      "translation": [
        0.31317365169525146,
        0.8995454907417297,
        1.6695807403266372e-8
      ],
      "scale": [
        0.9999999999999999,
        0.9999999403953551,
        0.9999999999999999
      ],
      "name": "Root004R",
      "extras": {
        "transformData": {
          "inheritType": 1,
          "eulerOrder": "ZYX",
          "translation": [
            0.31317365169525146,
            0.8995454907417297,
            1.6695807403266372e-8
          ],
          "rotation": [
            -0.000002063644840861338,
            -0.000024916447054590226,
            -15.57170432641602
          ],
          "scale": [
            1,
            0.9999999403953552,
            1
          ],
          "parentMatrixWorld": {
            "elements": [
              -0.40452567654824234,
              0.9127264358674717,
              0.057353941697060706,
              0,
              -0.9081564345525354,
              -0.40830646289515715,
              0.09240003898585356,
              0,
              0.10775394071844632,
              -0.014708164141817685,
              0.9940687895485374,
              0,
              -0.15429529547691345,
              0.7793195247650146,
              0,
              1
            ]
          }
        }
      },
      "children": [
        2
      ]
    },
    {
      "rotation": [
        0.04927473185715381,
        0.02318633274446181,
        0.8376904155163674,
        0.5434235717313246
      ],
      "translation": [
        -0.15429529547691345,
        0.7793195247650146,
        0
      ],
      "name": "Root003R",
      "extras": {
        "transformData": {
          "inheritType": 1,
          "eulerOrder": "ZYX",
          "translation": [
            -0.15429529547691345,
            0.7793195247650146,
            0
          ],
          "rotation": [
            -4.122379547580181e-14,
            -0.000007687425702423773,
            102.44350751178503
          ],
          "parentMatrixWorld": {
            "elements": [
              0.9987782829903306,
              0.003846413803442501,
              -0.04926607927139895,
              0,
              -0.004073937543144908,
              0.9999814921030675,
              -0.004518681755622712,
              0,
              0.04924778674029558,
              0.0047138681320896235,
              0.9987754677541602,
              0,
              0,
              0.8637903928756714,
              0,
              1
            ]
          }
        }
      },
      "children": [
        3
      ]
    },
    {
      "translation": [
        0,
        1.1922632455825806,
        0
      ],
      "name": "Root005_end",
      "extras": {
        "transformData": {
          "inheritType": 1,
          "eulerOrder": "ZYX",
          "translation": [
            0,
            1.1922632455825806,
            0
          ],
          "parentMatrixWorld": {
            "elements": [
              0.9704324612708437,
              0.15554363597564227,
              -0.18457252242998676,
              0,
              -0.07107223477008556,
              0.9149144679528642,
              0.3973414848093318,
              0,
              0.2306720099480579,
              -0.3724750936816789,
              0.8989175326592919,
              0,
              0,
              0.8359553813934326,
              0,
              1
            ]
          }
        }
      }
    },
    {
      "rotation": [
        0.19786388039425462,
        0.10672918300859513,
        0.05824646649279216,
        0.9726593061819936
      ],
      "translation": [
        0,
        0.8359553813934326,
        0
      ],
      "name": "Root005",
      "extras": {
        "transformData": {
          "inheritType": 1,
          "eulerOrder": "ZYX",
          "translation": [
            0,
            0.8359553813934326,
            0
          ],
          "rotation": [
            0.8243424678397147,
            0.000013658964850636185,
            1.965317789328394e-7
          ],
          "parentMatrixWorld": {
            "elements": [
              0.9987782829903306,
              0.003846413803442501,
              -0.04926607927139895,
              0,
              -0.004073937543144908,
              0.9999814921030675,
              -0.004518681755622712,
              0,
              0.04924778674029558,
              0.0047138681320896235,
              0.9987754677541602,
              0,
              0,
              0.8637903928756714,
              0,
              1
            ]
          }
        }
      },
      "children": [
        5
      ]
    },
    {
      "translation": [
        0,
        1.0535606145858765,
        0
      ],
      "name": "Root004L001_end",
      "extras": {
        "transformData": {
          "inheritType": 1,
          "eulerOrder": "ZYX",
          "translation": [
            0,
            1.0535606145858765,
            0
          ],
          "parentMatrixWorld": {
            "elements": [
              0.999984628181385,
              0.002935793989005081,
              -0.004703670291064738,
              0,
              0.002936033356064801,
              0.43926029092436514,
              0.8983550314352562,
              0,
              0.0047035208817436175,
              -0.8983550322175314,
              0.43924491910576996,
              0,
              -6.418540010599827e-8,
              0.8565231561660767,
              3.2098554925141798e-9,
              1
            ]
          }
        }
      }
    },
    {
      "rotation": [
        0.5294996265700406,
        0.0027723472550424807,
        -7.054269428279251e-8,
        0.8483056330423703
      ],
      "translation": [
        -6.418540010599827e-8,
        0.8565231561660767,
        3.2098554925141798e-9
      ],
      "scale": [
        1,
        1,
        0.9999999999999999
      ],
      "name": "Root004L001",
      "extras": {
        "transformData": {
          "inheritType": 1,
          "eulerOrder": "ZYX",
          "translation": [
            -6.418540010599827e-8,
            0.8565231561660767,
            3.2098554925141798e-9
          ],
          "rotation": [
            0.0000024040714655262308,
            -0.000012999141327082487,
            -4.625781900771101
          ],
          "parentMatrixWorld": {
            "elements": [
              0.7371483542896426,
              -0.6051156920470993,
              0.30074458456193437,
              0,
              0.2704628751693256,
              0.6720727866502425,
              0.6893242241906018,
              0,
              -0.6192431915975597,
              -0.42679399890790953,
              0.6590787167917374,
              0,
              -0.31317365169525146,
              0.8995454907417297,
              1.6695807403266372e-8,
              1
            ]
          }
        }
      },
      "children": [
        7
      ]
    },
    {
      "rotation": [
        0.31858939514247825,
        -0.26260510068709847,
        -0.2499287577456774,
        0.8758281672294002
      ],
      "translation": [
        -0.31317365169525146,
        0.8995454907417297,
        1.6695807403266372e-8
      ],
      "scale": [
        0.9999999999999999,
        0.9999999403953551,
        0.9999999999999999
      ],
      "name": "Root004L",
      "extras": {
        "transformData": {
          "inheritType": 1,
          "eulerOrder": "ZYX",
          "translation": [
            -0.31317365169525146,
            0.8995454907417297,
            1.6695807403266372e-8
          ],
          "rotation": [
            -0.000002063644840861338,
            0.000024916447054590226,
            15.57170432641602
          ],
          "scale": [
            1,
            0.9999999403953552,
            1
          ],
          "parentMatrixWorld": {
            "elements": [
              -0.2893747326238729,
              -0.956797395287513,
              0.028302220577997403,
              0,
              0.9473045582502216,
              -0.290497088732385,
              -0.13500193540235336,
              0,
              0.1373912123717062,
              -0.012255325987485542,
              0.9904410440815493,
              0,
              0.15429529547691345,
              0.7793195247650146,
              0,
              1
            ]
          }
        }
      },
      "children": [
        8
      ]
    },
    {
      "rotation": [
        -0.05167521656210727,
        0.045925482604809394,
        -0.801609765633785,
        0.5938369376127406
      ],
      "translation": [
        0.15429529547691345,
        0.7793195247650146,
        0
      ],
      "name": "Root003L",
      "extras": {
        "transformData": {
          "inheritType": 1,
          "eulerOrder": "ZYX",
          "translation": [
            0.15429529547691345,
            0.7793195247650146,
            0
          ],
          "rotation": [
            -4.122379547580181e-14,
            0.000007687425702423773,
            -102.44350751178503
          ],
          "parentMatrixWorld": {
            "elements": [
              0.9987782829903306,
              0.003846413803442501,
              -0.04926607927139895,
              0,
              -0.004073937543144908,
              0.9999814921030675,
              -0.004518681755622712,
              0,
              0.04924778674029558,
              0.0047138681320896235,
              0.9987754677541602,
              0,
              0,
              0.8637903928756714,
              0,
              1
            ]
          }
        }
      },
      "children": [
        9
      ]
    },
    {
      "rotation": [
        -0.0023088489070761135,
        0.02463605771312032,
        0.001980698157349284,
        0.9996918658705429
      ],
      "translation": [
        0,
        0.8637903928756714,
        0
      ],
      "name": "Root002",
      "extras": {
        "transformData": {
          "inheritType": 1,
          "eulerOrder": "ZYX",
          "translation": [
            0,
            0.8637903928756714,
            0
          ],
          "rotation": [
            0,
            -0.000013660378340025502,
            0
          ],
          "parentMatrixWorld": {
            "elements": [
              1,
              0,
              0,
              0,
              0,
              1,
              0,
              0,
              0,
              0,
              1,
              0,
              0,
              1.3151217699050903,
              0.9923228621482849,
              1
            ]
          }
        }
      },
      "children": [
        4,
        6,
        10
      ]
    },
    {
      "translation": [
        0,
        0.998894214630127,
        0
      ],
      "name": "Root007L_end",
      "extras": {
        "transformData": {
          "inheritType": 1,
          "eulerOrder": "ZYX",
          "translation": [
            0,
            0.998894214630127,
            0
          ],
          "parentMatrixWorld": {
            "elements": [
              -0.04383493014163209,
              -0.9958307668863985,
              0.07999743695214306,
              0,
              0.836768180462696,
              -0.0803437214867031,
              -0.5416307839617494,
              0,
              0.5457998885687076,
              0.04319696392476802,
              0.8368013534208211,
              0,
              0.29444751143455505,
              0.20641817152500153,
              5.362514343687508e-8,
              1
            ]
          }
        }
      }
    },
    {
      "rotation": [
        -0.22344319072431468,
        0.17796759201755524,
        -0.7001749790318768,
        0.6543360596386228
      ],
      "translation": [
        0.29444751143455505,
        0.20641817152500153,
        5.362514343687508e-8
      ],
      "name": "Root007L",
      "extras": {
        "transformData": {
          "inheritType": 1,
          "eulerOrder": "ZYX",
          "translation": [
            0.29444751143455505,
            0.20641817152500153,
            5.362514343687508e-8
          ],
          "rotation": [
            0.00001779624015094791,
            -0.00002419605599923748,
            -96.22512570648699
          ],
          "parentMatrixWorld": {
            "elements": [
              0.46990669107618543,
              -0.6519398003831726,
              0.5951152844762893,
              0,
              0.8729851698013767,
              0.24339886291283697,
              -0.42267468788275875,
              0,
              0.13070806573355315,
              0.718144480690533,
              0.6835085284553352,
              0,
              0.1332104504108429,
              0.01228320598602295,
              -2.4119508168496395e-8,
              1
            ]
          }
        }
      },
      "children": [
        12
      ]
    },
    {
      "rotation": [
        -0.36844243095360685,
        -0.1499863688650708,
        -0.49249440973129655,
        0.7740823753799275
      ],
      "translation": [
        0.1332104504108429,
        0.01228320598602295,
        -2.4119508168496395e-8
      ],
      "name": "Root006L",
      "extras": {
        "transformData": {
          "inheritType": 1,
          "eulerOrder": "ZYX",
          "translation": [
            0.1332104504108429,
            0.01228320598602295,
            -2.4119508168496395e-8
          ],
          "rotation": [
            -0.000006636917294239568,
            0.00002454262633599171,
            -85.14369702346409
          ],
          "parentMatrixWorld": {
            "elements": [
              1,
              0,
              0,
              0,
              0,
              1,
              0,
              0,
              0,
              0,
              1,
              0,
              0,
              1.3151217699050903,
              0.9923228621482849,
              1
            ]
          }
        }
      },
      "children": [
        13
      ]
    },
    {
      "translation": [
        0,
        0.998894214630127,
        0
      ],
      "name": "Root007R_end",
      "extras": {
        "transformData": {
          "inheritType": 1,
          "eulerOrder": "ZYX",
          "translation": [
            0,
            0.998894214630127,
            0
          ],
          "parentMatrixWorld": {
            "elements": [
              0.09947782984091658,
              0.9665774045427833,
              -0.23628849576446995,
              0,
              -0.8560663788884888,
              -0.037907898782837846,
              -0.5154738718208886,
              0,
              -0.5072026095556388,
              0.2535568548089442,
              0.8236834516540095,
              0,
              -0.29444751143455505,
              0.20641817152500153,
              5.3625214491148654e-8,
              1
            ]
          }
        }
      }
    },
    {
      "rotation": [
        -0.28004565563928363,
        -0.09865447243059514,
        0.6637231200952568,
        0.6865226358129909
      ],
      "translation": [
        -0.29444751143455505,
        0.20641817152500153,
        5.3625214491148654e-8
      ],
      "name": "Root007R",
      "extras": {
        "transformData": {
          "inheritType": 1,
          "eulerOrder": "ZYX",
          "translation": [
            -0.29444751143455505,
            0.20641817152500153,
            5.3625214491148654e-8
          ],
          "rotation": [
            0.000017796243407835903,
            0.000024196052742349486,
            96.22512570648699
          ],
          "parentMatrixWorld": {
            "elements": [
              0.38094957887273995,
              0.9152602707650619,
              -0.1310575395181689,
              0,
              -0.8675472888568736,
              0.3048162417427329,
              -0.39299972876817724,
              0,
              -0.3197485629406002,
              0.26341169672935616,
              0.9101511621381646,
              0,
              -0.1332104504108429,
              0.01228320598602295,
              -8.763920078536103e-8,
              1
            ]
          }
        }
      },
      "children": [
        15
      ]
    },
    {
      "rotation": [
        -0.20370455014054206,
        -0.05855659811632773,
        0.5532597359113285,
        0.8055924929569012
      ],
      "translation": [
        -0.1332104504108429,
        0.01228320598602295,
        -8.763920078536103e-8
      ],
      "name": "Root006R",
      "extras": {
        "transformData": {
          "inheritType": 1,
          "eulerOrder": "ZYX",
          "translation": [
            -0.1332104504108429,
            0.01228320598602295,
            -8.763920078536103e-8
          ],
          "rotation": [
            -0.000033859600934576706,
            -0.00002685552162924199,
            85.14369702346409
          ],
          "parentMatrixWorld": {
            "elements": [
              1,
              0,
              0,
              0,
              0,
              1,
              0,
              0,
              0,
              0,
              1,
              0,
              0,
              1.3151217699050903,
              0.9923228621482849,
              1
            ]
          }
        }
      },
      "children": [
        16
      ]
    },
    {
      "translation": [
        0,
        1.3151217699050903,
        0.9923228621482849
      ],
      "name": "Root001",
      "extras": {
        "transformData": {
          "inheritType": 1,
          "eulerOrder": "ZYX",
          "translation": [
            0,
            1.3151217699050903,
            0.9923228621482849
          ],
          "rotation": [
            0,
            0.000013660378340025502,
            0
          ],
          "parentMatrixWorld": {
            "elements": [
              1,
              0,
              0,
              0,
              0,
              3.4228541778702486e-8,
              0.9999999657714581,
              0,
              0,
              -0.9999999657714581,
              3.4228541778702486e-8,
              0,
              0,
              1.0238250494003296,
              0,
              1
            ]
          }
        }
      },
      "children": [
        11,
        14,
        17
      ]
    },
    {
      "rotation": [
        0.7071067690849304,
        0,
        0,
        0.7071067690849304
      ],
      "translation": [
        0,
        1.0238250494003296,
        0
      ],
      "scale": [
        1,
        0.9999999999999999,
        0.9999999999999999
      ],
      "name": "Root",
      "extras": {
        "transformData": {
          "inheritType": 1,
          "eulerOrder": "ZYX",
          "translation": [
            0,
            1.0238250494003296,
            0
          ],
          "rotation": [
            90.00000933466734,
            0,
            0
          ],
          "parentMatrixWorld": {
            "elements": [
              53.656367638960404,
              -6.148864489948097,
              84.1616623013994,
              0,
              84.1878977356067,
              -2.9290274316668525,
              -53.88708621086365,
              0,
              5.778564762081233,
              99.76778864404221,
              3.6049915959546426,
              0,
              -11.034834687308303,
              -13.501290377761315,
              -3.4962252493894237,
              1
            ]
          }
        }
      },
      "children": [
        18
      ]
    },
    {
      "rotation": [
        -0.6184262354450056,
        -0.3154742990063458,
        -0.363585104853943,
        0.6211527990251711
      ],
      "translation": [
        -11.034834687308303,
        -13.501290377761315,
        -3.4962252493894237
      ],
      "scale": [
        100,
        99.99999999999999,
        99.99999999999999
      ],
      "name": "Armature",
      "extras": {
        "transformData": {
          "inheritType": 1,
          "eulerOrder": "ZYX",
          "rotation": [
            -90.00000933466734,
            0,
            0
          ],
          "scale": [
            100,
            100,
            100
          ],
          "parentMatrixWorld": {
            "elements": [
              1,
              0,
              0,
              0,
              0,
              1,
              0,
              0,
              0,
              0,
              1,
              0,
              0,
              -234.99998851617568,
              5.00007524123766,
              1
            ]
          }
        }
      },
      "children": [
        19
      ]
    },
    {
      "translation": [
        0,
        -234.99998851617568,
        5.00007524123766
      ],
      "children": [
        0,
        20
      ]
    }
  ],
  "bufferViews": [
    {
      "buffer": 0,
      "byteOffset": 0,
      "byteLength": 220896,
      "target": 34962,
      "byteStride": 12
    },
    {
      "buffer": 0,
      "byteOffset": 220896,
      "byteLength": 147264,
      "target": 34962,
      "byteStride": 8
    },
    {
      "buffer": 0,
      "byteOffset": 368160,
      "byteLength": 294528,
      "target": 34962,
      "byteStride": 16
    },
    {
      "buffer": 0,
      "byteOffset": 662688,
      "byteLength": 220896,
      "target": 34962,
      "byteStride": 12
    },
    {
      "buffer": 0,
      "byteOffset": 883584,
      "byteLength": 147264,
      "target": 34962,
      "byteStride": 8
    },
    {
      "buffer": 0,
      "byteOffset": 1030848,
      "byteLength": 896
    },
    {
      "buffer": 0,
      "byteOffset": 1031744,
      "byteLength": 344
    },
    {
      "buffer": 0,
      "byteOffset": 1032088,
      "byteLength": 1032
    },
    {
      "buffer": 0,
      "byteOffset": 1033120,
      "byteLength": 344
    },
    {
      "buffer": 0,
      "byteOffset": 1033464,
      "byteLength": 1376
    },
    {
      "buffer": 0,
      "byteOffset": 1034840,
      "byteLength": 4
    },
    {
      "buffer": 0,
      "byteOffset": 1034844,
      "byteLength": 16
    },
    {
      "buffer": 0,
      "byteOffset": 1034860,
      "byteLength": 4
    },
    {
      "buffer": 0,
      "byteOffset": 1034864,
      "byteLength": 16
    },
    {
      "buffer": 0,
      "byteOffset": 1034880,
      "byteLength": 344
    },
    {
      "buffer": 0,
      "byteOffset": 1035224,
      "byteLength": 1376
    },
    {
      "buffer": 0,
      "byteOffset": 1036600,
      "byteLength": 344
    },
    {
      "buffer": 0,
      "byteOffset": 1036944,
      "byteLength": 1376
    },
    {
      "buffer": 0,
      "byteOffset": 1038320,
      "byteLength": 344
    },
    {
      "buffer": 0,
      "byteOffset": 1038664,
      "byteLength": 1376
    },
    {
      "buffer": 0,
      "byteOffset": 1040040,
      "byteLength": 344
    },
    {
      "buffer": 0,
      "byteOffset": 1040384,
      "byteLength": 1376
    },
    {
      "buffer": 0,
      "byteOffset": 1041760,
      "byteLength": 344
    },
    {
      "buffer": 0,
      "byteOffset": 1042104,
      "byteLength": 1376
    },
    {
      "buffer": 0,
      "byteOffset": 1043480,
      "byteLength": 344
    },
    {
      "buffer": 0,
      "byteOffset": 1043824,
      "byteLength": 1376
    },
    {
      "buffer": 0,
      "byteOffset": 1045200,
      "byteLength": 344
    },
    {
      "buffer": 0,
      "byteOffset": 1045544,
      "byteLength": 1376
    },
    {
      "buffer": 0,
      "byteOffset": 1046920,
      "byteLength": 344
    },
    {
      "buffer": 0,
      "byteOffset": 1047264,
      "byteLength": 1376
    },
    {
      "buffer": 0,
      "byteOffset": 1048640,
      "byteLength": 344
    },
    {
      "buffer": 0,
      "byteOffset": 1048984,
      "byteLength": 1376
    },
    {
      "buffer": 0,
      "byteOffset": 1050360,
      "byteLength": 344
    },
    {
      "buffer": 0,
      "byteOffset": 1050704,
      "byteLength": 1376
    },
    {
      "buffer": 0,
      "byteOffset": 1052080,
      "byteLength": 344
    },
    {
      "buffer": 0,
      "byteOffset": 1052424,
      "byteLength": 1376
    },
    {
      "buffer": 0,
      "byteOffset": 1053800,
      "byteLength": 344
    },
    {
      "buffer": 0,
      "byteOffset": 1054144,
      "byteLength": 1376
    },
    {
      "buffer": 0,
      "byteOffset": 1055520,
      "byteLength": 128
    },
    {
      "buffer": 0,
      "byteOffset": 1055648,
      "byteLength": 384
    },
    {
      "buffer": 0,
      "byteOffset": 1056032,
      "byteLength": 128
    },
    {
      "buffer": 0,
      "byteOffset": 1056160,
      "byteLength": 512
    },
    {
      "buffer": 0,
      "byteOffset": 1056672,
      "byteLength": 4
    },
    {
      "buffer": 0,
      "byteOffset": 1056676,
      "byteLength": 16
    },
    {
      "buffer": 0,
      "byteOffset": 1056692,
      "byteLength": 4
    },
    {
      "buffer": 0,
      "byteOffset": 1056696,
      "byteLength": 16
    },
    {
      "buffer": 0,
      "byteOffset": 1056712,
      "byteLength": 128
    },
    {
      "buffer": 0,
      "byteOffset": 1056840,
      "byteLength": 512
    },
    {
      "buffer": 0,
      "byteOffset": 1057352,
      "byteLength": 128
    },
    {
      "buffer": 0,
      "byteOffset": 1057480,
      "byteLength": 512
    },
    {
      "buffer": 0,
      "byteOffset": 1057992,
      "byteLength": 128
    },
    {
      "buffer": 0,
      "byteOffset": 1058120,
      "byteLength": 512
    },
    {
      "buffer": 0,
      "byteOffset": 1058632,
      "byteLength": 128
    },
    {
      "buffer": 0,
      "byteOffset": 1058760,
      "byteLength": 512
    },
    {
      "buffer": 0,
      "byteOffset": 1059272,
      "byteLength": 128
    },
    {
      "buffer": 0,
      "byteOffset": 1059400,
      "byteLength": 512
    },
    {
      "buffer": 0,
      "byteOffset": 1059912,
      "byteLength": 128
    },
    {
      "buffer": 0,
      "byteOffset": 1060040,
      "byteLength": 512
    },
    {
      "buffer": 0,
      "byteOffset": 1060552,
      "byteLength": 128
    },
    {
      "buffer": 0,
      "byteOffset": 1060680,
      "byteLength": 512
    },
    {
      "buffer": 0,
      "byteOffset": 1061192,
      "byteLength": 128
    },
    {
      "buffer": 0,
      "byteOffset": 1061320,
      "byteLength": 512
    },
    {
      "buffer": 0,
      "byteOffset": 1061832,
      "byteLength": 128
    },
    {
      "buffer": 0,
      "byteOffset": 1061960,
      "byteLength": 512
    },
    {
      "buffer": 0,
      "byteOffset": 1062472,
      "byteLength": 128
    },
    {
      "buffer": 0,
      "byteOffset": 1062600,
      "byteLength": 512
    },
    {
      "buffer": 0,
      "byteOffset": 1063112,
      "byteLength": 128
    },
    {
      "buffer": 0,
      "byteOffset": 1063240,
      "byteLength": 512
    },
    {
      "buffer": 0,
      "byteOffset": 1063752,
      "byteLength": 128
    },
    {
      "buffer": 0,
      "byteOffset": 1063880,
      "byteLength": 512
    },
    {
      "buffer": 0,
      "byteOffset": 1064392,
      "byteLength": 84
    },
    {
      "buffer": 0,
      "byteOffset": 1064476,
      "byteLength": 252
    },
    {
      "buffer": 0,
      "byteOffset": 1064728,
      "byteLength": 84
    },
    {
      "buffer": 0,
      "byteOffset": 1064812,
      "byteLength": 336
    },
    {
      "buffer": 0,
      "byteOffset": 1065148,
      "byteLength": 4
    },
    {
      "buffer": 0,
      "byteOffset": 1065152,
      "byteLength": 16
    },
    {
      "buffer": 0,
      "byteOffset": 1065168,
      "byteLength": 4
    },
    {
      "buffer": 0,
      "byteOffset": 1065172,
      "byteLength": 16
    },
    {
      "buffer": 0,
      "byteOffset": 1065188,
      "byteLength": 84
    },
    {
      "buffer": 0,
      "byteOffset": 1065272,
      "byteLength": 336
    },
    {
      "buffer": 0,
      "byteOffset": 1065608,
      "byteLength": 84
    },
    {
      "buffer": 0,
      "byteOffset": 1065692,
      "byteLength": 336
    },
    {
      "buffer": 0,
      "byteOffset": 1066028,
      "byteLength": 84
    },
    {
      "buffer": 0,
      "byteOffset": 1066112,
      "byteLength": 336
    },
    {
      "buffer": 0,
      "byteOffset": 1066448,
      "byteLength": 84
    },
    {
      "buffer": 0,
      "byteOffset": 1066532,
      "byteLength": 336
    },
    {
      "buffer": 0,
      "byteOffset": 1066868,
      "byteLength": 84
    },
    {
      "buffer": 0,
      "byteOffset": 1066952,
      "byteLength": 336
    },
    {
      "buffer": 0,
      "byteOffset": 1067288,
      "byteLength": 84
    },
    {
      "buffer": 0,
      "byteOffset": 1067372,
      "byteLength": 336
    },
    {
      "buffer": 0,
      "byteOffset": 1067708,
      "byteLength": 84
    },
    {
      "buffer": 0,
      "byteOffset": 1067792,
      "byteLength": 336
    },
    {
      "buffer": 0,
      "byteOffset": 1068128,
      "byteLength": 84
    },
    {
      "buffer": 0,
      "byteOffset": 1068212,
      "byteLength": 336
    },
    {
      "buffer": 0,
      "byteOffset": 1068548,
      "byteLength": 404
    },
    {
      "buffer": 0,
      "byteOffset": 1068952,
      "byteLength": 1616
    },
    {
      "buffer": 0,
      "byteOffset": 1070568,
      "byteLength": 84
    },
    {
      "buffer": 0,
      "byteOffset": 1070652,
      "byteLength": 336
    },
    {
      "buffer": 0,
      "byteOffset": 1070988,
      "byteLength": 372
    },
    {
      "buffer": 0,
      "byteOffset": 1071360,
      "byteLength": 1488
    },
    {
      "buffer": 0,
      "byteOffset": 1072848,
      "byteLength": 84
    },
    {
      "buffer": 0,
      "byteOffset": 1072932,
      "byteLength": 336
    },
    {
      "buffer": 0,
      "byteOffset": 1073268,
      "byteLength": 408
    },
    {
      "buffer": 0,
      "byteOffset": 1073676,
      "byteLength": 1224
    },
    {
      "buffer": 0,
      "byteOffset": 1074900,
      "byteLength": 408
    },
    {
      "buffer": 0,
      "byteOffset": 1075308,
      "byteLength": 1632
    },
    {
      "buffer": 0,
      "byteOffset": 1076940,
      "byteLength": 4
    },
    {
      "buffer": 0,
      "byteOffset": 1076944,
      "byteLength": 16
    },
    {
      "buffer": 0,
      "byteOffset": 1076960,
      "byteLength": 4
    },
    {
      "buffer": 0,
      "byteOffset": 1076964,
      "byteLength": 16
    },
    {
      "buffer": 0,
      "byteOffset": 1076980,
      "byteLength": 408
    },
    {
      "buffer": 0,
      "byteOffset": 1077388,
      "byteLength": 1632
    },
    {
      "buffer": 0,
      "byteOffset": 1079020,
      "byteLength": 408
    },
    {
      "buffer": 0,
      "byteOffset": 1079428,
      "byteLength": 1632
    },
    {
      "buffer": 0,
      "byteOffset": 1081060,
      "byteLength": 4
    },
    {
      "buffer": 0,
      "byteOffset": 1081064,
      "byteLength": 16
    },
    {
      "buffer": 0,
      "byteOffset": 1081080,
      "byteLength": 4
    },
    {
      "buffer": 0,
      "byteOffset": 1081084,
      "byteLength": 16
    },
    {
      "buffer": 0,
      "byteOffset": 1081100,
      "byteLength": 408
    },
    {
      "buffer": 0,
      "byteOffset": 1081508,
      "byteLength": 1632
    },
    {
      "buffer": 0,
      "byteOffset": 1083140,
      "byteLength": 408
    },
    {
      "buffer": 0,
      "byteOffset": 1083548,
      "byteLength": 1632
    },
    {
      "buffer": 0,
      "byteOffset": 1085180,
      "byteLength": 4
    },
    {
      "buffer": 0,
      "byteOffset": 1085184,
      "byteLength": 16
    },
    {
      "buffer": 0,
      "byteOffset": 1085200,
      "byteLength": 4
    },
    {
      "buffer": 0,
      "byteOffset": 1085204,
      "byteLength": 16
    },
    {
      "buffer": 0,
      "byteOffset": 1085220,
      "byteLength": 408
    },
    {
      "buffer": 0,
      "byteOffset": 1085628,
      "byteLength": 1632
    },
    {
      "buffer": 0,
      "byteOffset": 1087260,
      "byteLength": 408
    },
    {
      "buffer": 0,
      "byteOffset": 1087668,
      "byteLength": 1632
    },
    {
      "buffer": 0,
      "byteOffset": 1089300,
      "byteLength": 408
    },
    {
      "buffer": 0,
      "byteOffset": 1089708,
      "byteLength": 1632
    },
    {
      "buffer": 0,
      "byteOffset": 1091340,
      "byteLength": 408
    },
    {
      "buffer": 0,
      "byteOffset": 1091748,
      "byteLength": 1632
    },
    {
      "buffer": 0,
      "byteOffset": 1093380,
      "byteLength": 1196
    },
    {
      "buffer": 0,
      "byteOffset": 1094576,
      "byteLength": 3588
    },
    {
      "buffer": 0,
      "byteOffset": 1098164,
      "byteLength": 1196
    },
    {
      "buffer": 0,
      "byteOffset": 1099360,
      "byteLength": 4784
    },
    {
      "buffer": 0,
      "byteOffset": 1104144,
      "byteLength": 4
    },
    {
      "buffer": 0,
      "byteOffset": 1104148,
      "byteLength": 16
    },
    {
      "buffer": 0,
      "byteOffset": 1104164,
      "byteLength": 4
    },
    {
      "buffer": 0,
      "byteOffset": 1104168,
      "byteLength": 16
    },
    {
      "buffer": 0,
      "byteOffset": 1104184,
      "byteLength": 1196
    },
    {
      "buffer": 0,
      "byteOffset": 1105380,
      "byteLength": 4784
    },
    {
      "buffer": 0,
      "byteOffset": 1110164,
      "byteLength": 1196
    },
    {
      "buffer": 0,
      "byteOffset": 1111360,
      "byteLength": 4784
    },
    {
      "buffer": 0,
      "byteOffset": 1116144,
      "byteLength": 1196
    },
    {
      "buffer": 0,
      "byteOffset": 1117340,
      "byteLength": 4784
    },
    {
      "buffer": 0,
      "byteOffset": 1122124,
      "byteLength": 1196
    },
    {
      "buffer": 0,
      "byteOffset": 1123320,
      "byteLength": 4784
    },
    {
      "buffer": 0,
      "byteOffset": 1128104,
      "byteLength": 1196
    },
    {
      "buffer": 0,
      "byteOffset": 1129300,
      "byteLength": 4784
    },
    {
      "buffer": 0,
      "byteOffset": 1134084,
      "byteLength": 1196
    },
    {
      "buffer": 0,
      "byteOffset": 1135280,
      "byteLength": 4784
    },
    {
      "buffer": 0,
      "byteOffset": 1140064,
      "byteLength": 1196
    },
    {
      "buffer": 0,
      "byteOffset": 1141260,
      "byteLength": 4784
    },
    {
      "buffer": 0,
      "byteOffset": 1146044,
      "byteLength": 1196
    },
    {
      "buffer": 0,
      "byteOffset": 1147240,
      "byteLength": 4784
    },
    {
      "buffer": 0,
      "byteOffset": 1152024,
      "byteLength": 1196
    },
    {
      "buffer": 0,
      "byteOffset": 1153220,
      "byteLength": 4784
    },
    {
      "buffer": 0,
      "byteOffset": 1158004,
      "byteLength": 1196
    },
    {
      "buffer": 0,
      "byteOffset": 1159200,
      "byteLength": 4784
    },
    {
      "buffer": 0,
      "byteOffset": 1163984,
      "byteLength": 1196
    },
    {
      "buffer": 0,
      "byteOffset": 1165180,
      "byteLength": 4784
    },
    {
      "buffer": 0,
      "byteOffset": 1169964,
      "byteLength": 1196
    },
    {
      "buffer": 0,
      "byteOffset": 1171160,
      "byteLength": 4784
    },
    {
      "buffer": 0,
      "byteOffset": 1175944,
      "byteLength": 92
    },
    {
      "buffer": 0,
      "byteOffset": 1176036,
      "byteLength": 276
    },
    {
      "buffer": 0,
      "byteOffset": 1176312,
      "byteLength": 92
    },
    {
      "buffer": 0,
      "byteOffset": 1176404,
      "byteLength": 368
    },
    {
      "buffer": 0,
      "byteOffset": 1176772,
      "byteLength": 4
    },
    {
      "buffer": 0,
      "byteOffset": 1176776,
      "byteLength": 16
    },
    {
      "buffer": 0,
      "byteOffset": 1176792,
      "byteLength": 4
    },
    {
      "buffer": 0,
      "byteOffset": 1176796,
      "byteLength": 16
    },
    {
      "buffer": 0,
      "byteOffset": 1176812,
      "byteLength": 92
    },
    {
      "buffer": 0,
      "byteOffset": 1176904,
      "byteLength": 368
    },
    {
      "buffer": 0,
      "byteOffset": 1177272,
      "byteLength": 92
    },
    {
