{
  "asset": {
    "version": "2.0",
    "generator": "GLTFExporter"
  },
  "scenes": [
    {
      "name": "AuxScene",
      "nodes": [
        82
      ]
    }
  ],
  "scene": 0,
  "nodes": [
    {
      "rotation": [
        -0.7071068387877039,
        0,
        0,
        0.7071067235853865
      ],
      "scale": [
        100,
        99.99999999999999,
        99.99999999999999
      ],
      "name": "Untitled002",
      "extras": {
        "transformData": {
          "inheritType": 1,
          "eulerOrder": "ZYX",
          "rotation": [
            -90.00000933466734,
            0,
            0
          ],
          "scale": [
            100,
            100,
            100
          ],
          "parentMatrixWorld": {
            "elements": [
              1,
              0,
              0,
              0,
              0,
              1,
              0,
              0,
              0,
              0,
              1,
              0,
              0.032189369201660156,
              -198.67874471870485,
              0.00005699151518356871,
              1
            ]
          }
        }
      },
      "mesh": 0,
      "skin": 0
    },
    {
      "rotation": [
        -0.7071068387877039,
        0,
        0,
        0.7071067235853865
      ],
      "scale": [
        100,
        99.99999999999999,
        99.99999999999999
      ],
      "name": "Untitled",
      "extras": {
        "transformData": {
          "inheritType": 1,
          "eulerOrder": "ZYX",
          "rotation": [
            -90.00000933466734,
            0,
            0
          ],
          "scale": [
            100,
            100,
            100
          ],
          "parentMatrixWorld": {
            "elements": [
              1,
              0,
              0,
              0,
              0,
              1,
              0,
              0,
              0,
              0,
              1,
              0,
              0.032189369201660156,
              -198.67874471870485,
              0.00005699151518356871,
              1
            ]
          }
        }
      },
      "mesh": 1,
      "skin": 1
    },
    {
      "name": "Root"
    },
    {
      "name": "Root",
      "children": [
        2
      ]
    },
    {
      "name": "Root",
      "children": [
        3
      ]
    },
    {
      "name": "Main"
    },
    {
      "name": "Main",
      "children": [
        5
      ]
    },
    {
      "name": "Main",
      "children": [
        6
      ]
    },
    {
      "name": "Root002"
    },
    {
      "name": "Root002",
      "children": [
        8
      ]
    },
    {
      "name": "Root002",
      "children": [
        9
      ]
    },
    {
      "name": "Root003L"
    },
    {
      "name": "Root003L",
      "children": [
        11
      ]
    },
    {
      "name": "Root003L",
      "children": [
        12
      ]
    },
    {
      "name": "Root004L"
    },
    {
      "name": "Root004L",
      "children": [
        14
      ]
    },
    {
      "name": "Root004L",
      "children": [
        15
      ]
    },
    {
      "name": "Root005L"
    },
    {
      "name": "Root005L",
      "children": [
        17
      ]
    },
    {
      "name": "Root005L",
      "children": [
        18
      ]
    },
    {
      "translation": [
        0,
        1.1796884536743164,
        0
      ],
      "name": "Root005L_end",
      "extras": {
        "transformData": {
          "inheritType": 1,
          "eulerOrder": "ZYX",
          "translation": [
            0,
            1.1796884536743164,
            0
          ],
          "parentMatrixWorld": {
            "elements": [
              0.9672684948487924,
              -0.16544015463702388,
              0.19240897252956346,
              0,
              -0.032779935337527544,
              0.6704293841118885,
              0.7412488804004359,
              0,
              -0.2516289596121086,
              -0.7232938421480649,
              0.6430621038155304,
              0,
              -3.271679815952666e-9,
              0.8505390882492065,
              -7.275957614183426e-11,
              1
            ]
          }
        }
      }
    },
    {
      "rotation": [
        0.4042823910713196,
        -0.12257526814937592,
        -0.03662043437361717,
        0.9056434035301208
      ],
      "translation": [
        -3.271679815952666e-9,
        0.8505390882492065,
        -7.275957614183426e-11
      ],
      "name": "Root005L",
      "extras": {
        "transformData": {
          "inheritType": 1,
          "eulerOrder": "ZYX",
          "translation": [
            -3.271679815952666e-9,
            0.8505390882492065,
            -7.275957614183426e-11
          ],
          "rotation": [
            1.65448099152042,
            -1.803544107183836,
            -0.513353763006132
          ],
          "parentMatrixWorld": {
            "elements": [
              0.6893362773171442,
              -0.6769330547076513,
              -0.25802503120784903,
              0,
              0.7237995456380862,
              0.6585497024884853,
              0.20597700816358785,
              0,
              0.030489670950324572,
              -0.3287458402263475,
              0.9439260758696505,
              0,
              -0.18759573996067047,
              0.6227221488952637,
              0.006684082560241222,
              1
            ]
          }
        }
      },
      "children": [
        19,
        20
      ]
    },
    {
      "rotation": [
        0.14736054837703705,
        0.07950976490974426,
        -0.38601815700531006,
        0.9071676135063171
      ],
      "translation": [
        -0.18759573996067047,
        0.6227221488952637,
        0.006684082560241222
      ],
      "scale": [
        0.9999998807907103,
        0.9999999999999999,
        0.9999999403953552
      ],
      "name": "Root004L",
      "extras": {
        "transformData": {
          "inheritType": 1,
          "eulerOrder": "ZYX",
          "translation": [
            -0.18759573996067047,
            0.6227221488952637,
            0.006684082560241222
          ],
          "rotation": [
            -1.0160689727714403,
            0.008531192254166887,
            15.620775820507976
          ],
          "scale": [
            0.9999998807907104,
            1,
            0.9999999403953552
          ],
          "parentMatrixWorld": {
            "elements": [
              -0.48099096101213934,
              -0.8618904104806445,
              -0.16059988713847542,
              0,
              0.8709771307625536,
              -0.4906940811854776,
              0.02485926867737148,
              0,
              -0.10023140198338742,
              -0.1279217701079414,
              0.9867064843751501,
              0,
              0.12824440002441406,
              0.5251142978668213,
              0.019062304869294167,
              1
            ]
          }
        }
      },
      "children": [
        16,
        21
      ]
    },
    {
      "rotation": [
        0.07582316220529012,
        0.029960071522198158,
        -0.8599987809815507,
        0.5037413233089263
      ],
      "translation": [
        0.12824440002441406,
        0.5251142978668213,
        0.019062304869294167
      ],
      "scale": [
        0.9999998807907106,
        0.9999999403953552,
        1
      ],
      "name": "Root003L",
      "extras": {
        "transformData": {
          "inheritType": 1,
          "eulerOrder": "ZYX",
          "translation": [
            0.12824440002441406,
            0.5251142978668213,
            0.019062304869294167
          ],
          "rotation": [
            -0.0000036205268663264784,
            0.00012588726703518626,
            -104.9152027082509
          ],
          "scale": [
            0.9999998807907104,
            0.9999999403953552,
            1
          ],
          "parentMatrixWorld": {
            "elements": [
              0.9966644175727025,
              -0.0780087583040057,
              -0.02397232620899528,
              0,
              0.07202513076390696,
              0.9789310302816647,
              -0.19106652981528174,
              0,
              0.03837211662712083,
              0.1887026017443296,
              0.981284316113148,
              0,
              0,
              0.7583496570587158,
              0,
              1
            ]
          }
        }
      },
      "children": [
        13,
        22
      ]
    },
    {
      "name": "Root003R"
    },
    {
      "name": "Root003R",
      "children": [
        24
      ]
    },
    {
      "name": "Root003R",
      "children": [
        25
      ]
    },
    {
      "name": "Root004R"
    },
    {
      "name": "Root004R",
      "children": [
        27
      ]
    },
    {
      "name": "Root004R",
      "children": [
        28
      ]
    },
    {
      "name": "Root005R"
    },
    {
      "name": "Root005R",
      "children": [
        30
      ]
    },
    {
      "name": "Root005R",
      "children": [
        31
      ]
    },
    {
      "translation": [
        0,
        1.1796884536743164,
        0
      ],
      "name": "Root005R_end",
      "extras": {
        "transformData": {
          "inheritType": 1,
          "eulerOrder": "ZYX",
          "translation": [
            0,
            1.1796884536743164,
            0
          ],
          "parentMatrixWorld": {
            "elements": [
              0.971320865765341,
              -0.16925101452287755,
              -0.1670026078301,
              0,
              0.15802712167015237,
              -0.06527821113758314,
              0.9852746971886552,
              0,
              -0.1776603663052746,
              -0.9834088133561374,
              -0.03665983910189352,
              0,
              3.271679815952666e-9,
              0.8505390882492065,
              -7.275957614183426e-11,
              1
            ]
          }
        }
      }
    },
    {
      "rotation": [
        0.7199407815933228,
        -0.0038975055795162916,
        -0.11968448758125305,
        0.6836268901824951
      ],
      "translation": [
        3.271679815952666e-9,
        0.8505390882492065,
        -7.275957614183426e-11
      ],
      "name": "Root005R",
      "extras": {
        "transformData": {
          "inheritType": 1,
          "eulerOrder": "ZYX",
          "translation": [
            3.271679815952666e-9,
            0.8505390882492065,
            -7.275957614183426e-11
          ],
          "rotation": [
            1.65448099152042,
            1.803544107183836,
            0.513353763006132
          ],
          "parentMatrixWorld": {
            "elements": [
              0.5904550211762154,
              0.24972998459559276,
              0.767461777664793,
              0,
              -0.5954768404719893,
              0.7766683689015136,
              0.20541077343585543,
              0,
              -0.5447660945426437,
              -0.5782915643866875,
              0.607296191959795,
              0,
              0.18759573996067047,
              0.6227221488952637,
              0.006684082560241222,
              1
            ]
          }
        }
      },
      "children": [
        32,
        33
      ]
    },
    {
      "rotation": [
        0.22720612585544586,
        -0.38043299317359924,
        0.24503712356090546,
        0.8623253107070923
      ],
      "translation": [
        0.18759573996067047,
        0.6227221488952637,
        0.006684082560241222
      ],
      "scale": [
        0.9999998807907103,
        0.9999999999999999,
        0.9999999403953552
      ],
      "name": "Root004R",
      "extras": {
        "transformData": {
          "inheritType": 1,
          "eulerOrder": "ZYX",
          "translation": [
            0.18759573996067047,
            0.6227221488952637,
            0.006684082560241222
          ],
          "rotation": [
            -1.0160689727714403,
            -0.008531192254166887,
            -15.620775820507976
          ],
          "scale": [
            0.9999998807907104,
            1,
            0.9999999403953552
          ],
          "parentMatrixWorld": {
            "elements": [
              -0.5290577942017385,
              0.8097383596823007,
              0.253813559719329,
              0,
              -0.8478585457175221,
              -0.492026364162416,
              -0.19759997054358114,
              0,
              -0.035121313778420316,
              -0.3197398705018795,
              0.9468542157206576,
              0,
              -0.12824440002441406,
              0.5251142978668213,
              0.019062304869294167,
              1
            ]
          }
        }
      },
      "children": [
        29,
        34
      ]
    },
    {
      "rotation": [
        0.06347109676551013,
        -0.15014763406412507,
        0.8613852892986509,
        0.4810846763514247
      ],
      "translation": [
        -0.12824440002441406,
        0.5251142978668213,
        0.019062304869294167
      ],
      "scale": [
        0.9999998807907106,
        0.9999999403953552,
        1
      ],
      "name": "Root003R",
      "extras": {
        "transformData": {
          "inheritType": 1,
          "eulerOrder": "ZYX",
          "translation": [
            -0.12824440002441406,
            0.5251142978668213,
            0.019062304869294167
          ],
          "rotation": [
            -0.0000036205268663264784,
            -0.00012588726703518626,
            104.9152027082509
          ],
          "scale": [
            0.9999998807907104,
            0.9999999403953552,
            1
          ],
          "parentMatrixWorld": {
            "elements": [
              0.9966644175727025,
              -0.0780087583040057,
              -0.02397232620899528,
              0,
              0.07202513076390696,
              0.9789310302816647,
              -0.19106652981528174,
              0,
              0.03837211662712083,
              0.1887026017443296,
              0.981284316113148,
              0,
              0,
              0.7583496570587158,
              0,
              1
            ]
          }
        }
      },
      "children": [
        26,
        35
      ]
    },
    {
      "name": "Head"
    },
    {
      "name": "Head",
      "children": [
        37
      ]
    },
    {
      "name": "Head",
      "children": [
        38
      ]
    },
    {
      "translation": [
        0,
        0.7352783679962158,
        0
      ],
      "name": "Head_end",
      "extras": {
        "transformData": {
          "inheritType": 1,
          "eulerOrder": "ZYX",
          "translation": [
            0,
            0.7352783679962158,
            0
          ],
          "parentMatrixWorld": {
            "elements": [
              0.9954315247001028,
              0.07763048097951794,
              0.055584063717783905,
              0,
              -0.09396495988625214,
              0.8997645966551675,
              0.4261387787404884,
              0,
              -0.016931214666082994,
              -0.4294149285431849,
              0.9029485892801687,
              0,
              0,
              0.7129101753234863,
              0,
              1
            ]
          }
        }
      }
    },
    {
      "rotation": [
        0.21949848448495407,
        -0.018604318550379192,
        0.04402405003205209,
        0.9744414742671251
      ],
      "translation": [
        0,
        0.7129101753234863,
        0
      ],
      "name": "Head",
      "extras": {
        "transformData": {
          "inheritType": 1,
          "eulerOrder": "ZYX",
          "translation": [
            0,
            0.7129101753234863,
            0
          ],
          "rotation": [
            0,
            -1.2722217209247411e-14,
            -1.2722215692640755e-14
          ],
          "parentMatrixWorld": {
            "elements": [
              0.9966644175727025,
              -0.0780087583040057,
              -0.02397232620899528,
              0,
              0.07202513076390696,
              0.9789310302816647,
              -0.19106652981528174,
              0,
              0.03837211662712083,
              0.1887026017443296,
              0.981284316113148,
              0,
              0,
              0.7583496570587158,
              0,
              1
            ]
          }
        }
      },
      "children": [
        39,
        40
      ]
    },
    {
      "rotation": [
        -0.09545819919981952,
        0.01567080562554246,
        -0.037712293283426984,
        0.9945953693423786
      ],
      "translation": [
        0,
        0.7583496570587158,
        0
      ],
      "name": "Root002",
      "extras": {
        "transformData": {
          "inheritType": 1,
          "eulerOrder": "ZYX",
          "translation": [
            0,
            0.7583496570587158,
            0
          ],
          "parentMatrixWorld": {
            "elements": [
              1,
              0,
              0,
              0,
              0,
              1,
              0,
              0,
              0,
              0,
              1,
              0,
              0,
              1.7050843238830566,
              2.3900204837445926e-7,
              1
            ]
          }
        }
      },
      "children": [
        10,
        23,
        36,
        41
      ]
    },
    {
      "name": "Root012L"
    },
    {
      "name": "Root012L",
      "children": [
        43
      ]
    },
    {
      "name": "Root012L",
      "children": [
        44
      ]
    },
    {
      "name": "Root013L"
    },
    {
      "name": "Root013L",
      "children": [
        46
      ]
    },
    {
      "name": "Root013L",
      "children": [
        47
      ]
    },
    {
      "name": "Root014L"
    },
    {
      "name": "Root014L",
      "children": [
        49
      ]
    },
    {
      "name": "Root014L",
      "children": [
        50
      ]
    },
    {
      "name": "Root015L"
    },
    {
      "name": "Root015L",
      "children": [
        52
      ]
    },
    {
      "name": "Root015L",
      "children": [
        53
      ]
    },
    {
      "translation": [
        0,
        0.3725615441799164,
        0
      ],
      "name": "Root015L_end",
      "extras": {
        "transformData": {
          "inheritType": 1,
          "eulerOrder": "ZYX",
          "translation": [
            0,
            0.3725615441799164,
            0
          ],
          "parentMatrixWorld": {
            "elements": [
              0.9875956046328147,
              -0.15366789397341396,
              -0.03226978079072711,
              0,
              0.021598468977242366,
              -0.07061415238481827,
              0.997269858278499,
              0,
              -0.15552704153972005,
              -0.9855961891589915,
              -0.06641922753682582,
              0,
              3.043169272132218e-8,
              0.8354413509368896,
              1.2776581570506096e-8,
              1
            ]
          }
        }
      }
    },
    {
      "rotation": [
        0.7288053352617389,
        -0.045303389083349216,
        -0.06441940302760879,
        0.6801768426699895
      ],
      "translation": [
        3.043169272132218e-8,
        0.8354413509368896,
        1.2776581570506096e-8
      ],
      "scale": [
        1.0000001192092896,
        1,
        0.9999999999999999
      ],
      "name": "Root015L",
      "extras": {
        "transformData": {
          "inheritType": 1,
          "eulerOrder": "ZYX",
          "translation": [
            3.043169272132218e-8,
            0.8354413509368896,
            1.2776581570506096e-8
          ],
          "rotation": [
            91.40988332276302,
            -0.015018912304090293,
            0.014650900844496148
          ],
          "scale": [
            1.0000001192092896,
            1,
            1
          ],
          "parentMatrixWorld": {
            "elements": [
              0.9968885998083465,
              0.0373474012714973,
              0.06941391214760011,
              0,
              0.03143621845260465,
              0.6191837244110591,
              -0.7846166457077602,
              0,
              -0.07228335735678788,
              0.7843575002322364,
              0.6160831349872339,
              0,
              6.384155426530924e-9,
              0.7191322445869446,
              -5.758010956924409e-9,
              1
            ]
          }
        }
      },
      "children": [
        54,
        55
      ]
    },
    {
      "rotation": [
        -0.4363547124788655,
        -0.03940808805143444,
        0.0016439866048924391,
        0.8989098209956818
      ],
      "translation": [
        6.384155426530924e-9,
        0.7191322445869446,
        -5.758010956924409e-9
      ],
      "scale": [
        0.9999999999999999,
        0.9999999999999999,
        0.9999999999999999
      ],
      "name": "Root014L",
      "extras": {
        "transformData": {
          "inheritType": 1,
          "eulerOrder": "ZYX",
          "translation": [
            6.384155426530924e-9,
            0.7191322445869446,
            -5.758010956924409e-9
          ],
          "rotation": [
            6.712482385611805,
            -0.1010262618285842,
            0.8117375138090148
          ],
          "parentMatrixWorld": {
            "elements": [
              0.22143096125594336,
              -0.9731845296194052,
              0.06228995442075034,
              0,
              0.7988369749718104,
              0.2176553808977307,
              0.5607903509495642,
              0,
              -0.5593102180712829,
              -0.07441680982289232,
              0.8256114150909498,
              0,
              0.062149256467819214,
              0.24194034934043884,
              4.8071367331203874e-8,
              1
            ]
          }
        }
      },
      "children": [
        51,
        56
      ]
    },
    {
      "rotation": [
        0.2110475091135391,
        -0.20652661172714676,
        -0.5887539990703888,
        0.7524456182746477
      ],
      "translation": [
        0.062149256467819214,
        0.24194034934043884,
        4.8071367331203874e-8
      ],
      "scale": [
        0.9999999403953551,
        1.0000001192092896,
        0.9999999999999999
      ],
      "name": "Root013L",
      "extras": {
        "transformData": {
          "inheritType": 1,
          "eulerOrder": "ZYX",
          "translation": [
            0.062149256467819214,
            0.24194034934043884,
            4.8071367331203874e-8
          ],
          "rotation": [
            -7.520084379960936,
            0.0000958119126552753,
            -80.05399031813232
          ],
          "scale": [
            0.9999999403953552,
            1.0000001192092896,
            1
          ],
          "parentMatrixWorld": {
            "elements": [
              -0.17291242352803238,
              -0.9849371638147204,
              0,
              0,
              0.9849371638147204,
              -0.17291242352803238,
              0,
              0,
              0,
              0,
              1,
              0,
              0.10113967955112457,
              0.026321768760681152,
              -2.6823713028534257e-8,
              1
            ]
          }
        }
      },
      "children": [
        48,
        57
      ]
    },
    {
      "rotation": [
        0,
        0,
        -0.7658042907714844,
        0.6430736780166626
      ],
      "translation": [
        0.10113967955112457,
        0.026321768760681152,
        -2.6823713028534257e-8
      ],
      "name": "Root012L",
      "extras": {
        "transformData": {
          "inheritType": 1,
          "eulerOrder": "ZYX",
          "translation": [
            0.10113967955112457,
            0.026321768760681152,
            -2.6823713028534257e-8
          ],
          "rotation": [
            -0.00001136998895703451,
            0.000012819255260963898,
            -99.95715472936031
          ],
          "parentMatrixWorld": {
            "elements": [
              1,
              0,
              0,
              0,
              0,
              1,
              0,
              0,
              0,
              0,
              1,
              0,
              0,
              1.7050843238830566,
              2.3900204837445926e-7,
              1
            ]
          }
        }
      },
      "children": [
        45,
        58
      ]
    },
    {
      "name": "Root012R"
    },
    {
      "name": "Root012R",
      "children": [
        60
      ]
    },
    {
      "name": "Root012R",
      "children": [
        61
      ]
    },
    {
      "name": "Root013R"
    },
    {
      "name": "Root013R",
      "children": [
        63
      ]
    },
    {
      "name": "Root013R",
      "children": [
        64
      ]
    },
    {
      "name": "Root014R"
    },
    {
      "name": "Root014R",
      "children": [
        66
      ]
    },
    {
      "name": "Root014R",
      "children": [
        67
      ]
    },
    {
      "name": "Root015R"
    },
    {
      "name": "Root015R",
      "children": [
        69
      ]
    },
    {
      "name": "Root015R",
      "children": [
        70
      ]
    },
    {
      "translation": [
        0,
        0.3725615441799164,
        0
      ],
      "name": "Root015R_end",
      "extras": {
        "transformData": {
          "inheritType": 1,
          "eulerOrder": "ZYX",
          "translation": [
            0,
            0.3725615441799164,
            0
          ],
          "parentMatrixWorld": {
            "elements": [
              0.9978442156305826,
              -0.03556001081642863,
              -0.055160178776095636,
              0,
              0.04000867163532798,
              -0.33664757056209016,
              0.9407803583513558,
              0,
              -0.05202369516811685,
              -0.9409590120711677,
              -0.3344990822607656,
              0,
              -3.043169272132218e-8,
              0.8354413509368896,
              1.2776581570506096e-8,
              1
            ]
          }
        }
      }
    },
    {
      "rotation": [
        0.8168523045050973,
        0.0013615267513622789,
        -0.03280393125460623,
        0.5759117529706318
      ],
      "translation": [
        -3.043169272132218e-8,
        0.8354413509368896,
        1.2776581570506096e-8
      ],
      "scale": [
        1.0000001192092896,
        1,
        0.9999999999999999
      ],
      "name": "Root015R",
      "extras": {
        "transformData": {
          "inheritType": 1,
          "eulerOrder": "ZYX",
          "translation": [
            -3.043169272132218e-8,
            0.8354413509368896,
            1.2776581570506096e-8
          ],
          "rotation": [
            91.40988332276302,
            0.015018912304090293,
            -0.014650900844496148
          ],
          "scale": [
            1.0000001192092896,
            1,
            1
          ],
          "parentMatrixWorld": {
            "elements": [
              0.9991942328012977,
              0.025236698257980385,
              0.03120888052457658,
              0,
              -0.008417167783364033,
              0.8920497841479643,
              -0.4518587582007747,
              0,
              -0.0392432981420821,
              0.45123197486135125,
              0.8915434212110055,
              0,
              -6.384155426530924e-9,
              0.7191322445869446,
              -5.758010956924409e-9,
              1
            ]
          }
        }
      },
      "children": [
        71,
        72
      ]
    },
    {
      "rotation": [
        -0.2321642885126434,
        -0.018111668446480718,
        0.008651651023697356,
        0.9724694728545049
      ],
      "translation": [
        -6.384155426530924e-9,
        0.7191322445869446,
        -5.758010956924409e-9
      ],
      "scale": [
        0.9999999999999999,
        0.9999999999999999,
        0.9999999999999999
      ],
      "name": "Root014R",
      "extras": {
        "transformData": {
          "inheritType": 1,
          "eulerOrder": "ZYX",
          "translation": [
            -6.384155426530924e-9,
            0.7191322445869446,
            -5.758010956924409e-9
          ],
          "rotation": [
            6.712482385611805,
            0.1010262618285842,
            -0.8117375138090148
          ],
          "parentMatrixWorld": {
            "elements": [
              0.19776046759187516,
              0.9744409717175541,
              -0.10656220785213807,
              0,
              -0.96750903662074,
              0.21150375405293703,
              0.13853771032913254,
              0,
              0.1575351176272157,
              0.07570260773267426,
              0.9846074357502727,
              0,
              -0.062149256467819214,
              0.24194034934043884,
              4.8071367331203874e-8,
              1
            ]
          }
        }
      },
      "children": [
        68,
        73
      ]
    },
    {
      "rotation": [
        0.02030587839344678,
        0.08534608032905885,
        0.6275633887367926,
        0.7736070913060906
      ],
      "translation": [
        -0.062149256467819214,
        0.24194034934043884,
        4.8071367331203874e-8
      ],
      "scale": [
        0.9999999403953551,
        1.0000001192092896,
        0.9999999999999999
      ],
      "name": "Root013R",
      "extras": {
        "transformData": {
          "inheritType": 1,
          "eulerOrder": "ZYX",
          "translation": [
            -0.062149256467819214,
            0.24194034934043884,
            4.8071367331203874e-8
          ],
          "rotation": [
            -7.520084379960936,
            -0.0000958119126552753,
            80.05399031813232
          ],
          "scale": [
            0.9999999403953552,
            1.0000001192092896,
            1
          ],
          "parentMatrixWorld": {
            "elements": [
              -0.17291242352803238,
              0.9849371638147204,
              0,
              0,
              -0.9849371638147204,
              -0.17291242352803238,
              0,
              0,
              0,
              0,
              1,
              0,
              -0.10113967955112457,
              0.026321768760681152,
              -2.6823713028534257e-8,
              1
            ]
          }
        }
      },
      "children": [
        65,
        74
      ]
    },
    {
      "rotation": [
        0,
        0,
        0.7658042907714844,
        0.6430736780166626
      ],
      "translation": [
        -0.10113967955112457,
        0.026321768760681152,
        -2.6823713028534257e-8
      ],
      "name": "Root012R",
      "extras": {
        "transformData": {
          "inheritType": 1,
          "eulerOrder": "ZYX",
          "translation": [
            -0.10113967955112457,
            0.026321768760681152,
            -2.6823713028534257e-8
          ],
          "rotation": [
            -0.00001136998895703451,
            -0.000012819255260963898,
            99.95715472936031
          ],
          "parentMatrixWorld": {
            "elements": [
              1,
              0,
              0,
              0,
              0,
              1,
              0,
              0,
              0,
              0,
              1,
              0,
              0,
              1.7050843238830566,
              2.3900204837445926e-7,
              1
            ]
          }
        }
      },
      "children": [
        62,
        75
      ]
    },
    {
      "translation": [
        0,
        1.7050843238830566,
        2.3900204837445926e-7
      ],
      "name": "Main",
      "extras": {
        "transformData": {
          "inheritType": 1,
          "eulerOrder": "ZYX",
          "translation": [
            0,
            1.7050843238830566,
            2.3900204837445926e-7
          ],
          "parentMatrixWorld": {
            "elements": [
              1,
              0,
              0,
              0,
              0,
              3.4228541778702486e-8,
              0.9999999657714581,
              0,
              0,
              -0.9999999657714581,
              3.4228541778702486e-8,
              0,
              0,
              0,
              0,
              1
            ]
          }
        }
      },
      "children": [
        7,
        42,
        59,
        76
      ]
    },
    {
      "rotation": [
        0.7071067690849304,
        0,
        0,
        0.7071067690849304
      ],
      "scale": [
        1,
        0.9999999999999999,
        0.9999999999999999
      ],
      "name": "Root",
      "extras": {
        "transformData": {
          "inheritType": 1,
          "eulerOrder": "ZYX",
          "rotation": [
            90.00000933466734,
            0,
            0
          ],
          "parentMatrixWorld": {
            "elements": [
              98.48311273100975,
              4.310974965640457,
              16.80749818944224,
              0,
              16.815435655173708,
              0.18043877485569568,
              -98.57590046790074,
              0,
              -4.279909376283046,
              99.90686925420283,
              -0.547207483098111,
              0,
              10.339653399729482,
              -3.1598216108445167,
              1.6955521053595195,
              1
            ]
          }
        }
      },
      "children": [
        4,
        77
      ]
    },
    {
      "rotation": [
        -0.7050707082258704,
        -0.07490883671076537,
        -0.04441961872406264,
        0.7037690241789174
      ],
      "translation": [
        10.339653399729482,
        -3.1598216108445167,
        1.6955521053595195
      ],
      "scale": [
        100,
        99.99999999999999,
        99.99999999999999
      ],
      "name": "Armature",
      "extras": {
        "transformData": {
          "inheritType": 1,
          "eulerOrder": "ZYX",
          "rotation": [
            -90.00000933466734,
            0,
            0
          ],
          "scale": [
            100,
            100,
            100
          ],
          "parentMatrixWorld": {
            "elements": [
              1,
              0,
              0,
              0,
              0,
              1,
              0,
              0,
              0,
              0,
              1,
              0,
              0.032189369201660156,
              -198.67874471870485,
              0.00005699151518356871,
              1
            ]
          }
        }
      },
      "children": [
        78
      ]
    },
    {
      "rotation": [
        -0.7071068387877039,
        0,
        0,
        0.7071067235853865
      ],
      "translation": [
        -69.11038970947266,
        301.0621032714844,
        -0.026349574327468872
      ],
      "scale": [
        100,
        99.99999999999999,
        99.99999999999999
      ],
      "name": "Untitled003",
      "extras": {
        "transformData": {
          "inheritType": 1,
          "eulerOrder": "ZYX",
          "translation": [
            -69.11038970947266,
            301.0621032714844,
            -0.026349574327468872
          ],
          "rotation": [
            -90.00000933466734,
            0,
            0
          ],
          "scale": [
            100,
            100,
            100
          ],
          "parentMatrixWorld": {
            "elements": [
              1,
              0,
              0,
              0,
              0,
              1,
              0,
              0,
              0,
              0,
              1,
              0,
              0.032189369201660156,
              -198.67874471870485,
              0.00005699151518356871,
              1
            ]
          }
        }
      },
      "mesh": 2,
      "skin": 2
    },
    {
      "rotation": [
        -0.7071068387877039,
        0,
        0,
        0.7071067235853865
      ],
      "translation": [
        69.27494049072266,
        301.0619812011719,
        -0.02635001204907894
      ],
      "scale": [
        100,
        99.99999999999999,
        99.99999999999999
      ],
      "name": "Untitled001",
      "extras": {
        "transformData": {
          "inheritType": 1,
          "eulerOrder": "ZYX",
          "translation": [
            69.27494049072266,
            301.0619812011719,
            -0.02635001204907894
          ],
          "rotation": [
            -90.00000933466734,
            0,
            0
          ],
          "scale": [
            100,
            100,
            100
          ],
          "parentMatrixWorld": {
            "elements": [
              1,
              0,
              0,
              0,
              0,
              1,
              0,
              0,
              0,
              0,
              1,
              0,
              0.032189369201660156,
              -198.67874471870485,
              0.00005699151518356871,
              1
            ]
          }
        }
      },
      "mesh": 3,
      "skin": 3
    },
    {
      "translation": [
        0.032189369201660156,
        -198.67874471870485,
        0.00005699151518356871
      ],
      "children": [
        0,
        1,
        79,
        80,
        81
      ]
    }
  ],
  "bufferViews": [
    {
      "buffer": 0,
      "byteOffset": 0,
      "byteLength": 30168,
      "target": 34962,
      "byteStride": 12
    },
    {
      "buffer": 0,
      "byteOffset": 30168,
      "byteLength": 20112,
      "target": 34962,
      "byteStride": 8
    },
    {
      "buffer": 0,
      "byteOffset": 50280,
      "byteLength": 40224,
      "target": 34962,
      "byteStride": 16
    },
    {
      "buffer": 0,
      "byteOffset": 90504,
      "byteLength": 30168,
      "target": 34962,
      "byteStride": 12
    },
    {
      "buffer": 0,
      "byteOffset": 120672,
      "byteLength": 20112,
      "target": 34962,
      "byteStride": 8
    },
    {
      "buffer": 0,
      "byteOffset": 140784,
      "byteLength": 57528,
      "target": 34962,
      "byteStride": 12
    },
    {
      "buffer": 0,
      "byteOffset": 198312,
      "byteLength": 38352,
      "target": 34962,
      "byteStride": 8
    },
    {
      "buffer": 0,
      "byteOffset": 236664,
      "byteLength": 76704,
      "target": 34962,
      "byteStride": 16
    },
    {
      "buffer": 0,
      "byteOffset": 313368,
      "byteLength": 57528,
      "target": 34962,
      "byteStride": 12
    },
    {
      "buffer": 0,
      "byteOffset": 370896,
      "byteLength": 38352,
      "target": 34962,
      "byteStride": 8
    },
    {
      "buffer": 0,
      "byteOffset": 409248,
      "byteLength": 13752,
      "target": 34962,
      "byteStride": 12
    },
    {
      "buffer": 0,
      "byteOffset": 423000,
      "byteLength": 9168,
      "target": 34962,
      "byteStride": 8
    },
    {
      "buffer": 0,
      "byteOffset": 432168,
      "byteLength": 18336,
      "target": 34962,
      "byteStride": 16
    },
    {
      "buffer": 0,
      "byteOffset": 450504,
      "byteLength": 13752,
      "target": 34962,
      "byteStride": 12
    },
    {
      "buffer": 0,
      "byteOffset": 464256,
      "byteLength": 9168,
      "target": 34962,
      "byteStride": 8
    },
    {
      "buffer": 0,
      "byteOffset": 473424,
      "byteLength": 13752,
